70.116667
77
82.072581
86.310345
85.306452
84.366667
85.25
81.725806
81.175
81.709677
74.3
74.798387
73.725806
80.732143
87.91129
85.158333
80.596774
88.075
83.467742
76.701613
76.75
75.451613
71.991667
75.580645
74.193548
71.801724
75.451613
79.783333
86.887097
83.975
80.33871
81.137097
81.466667
73.193548
70.55
63.653226
63.991935
71.776786
68.637097
83.966667
83.395161
86.033333
77.782258
75.435484
79.55
81.33871
67.116667
64.072581
75.903226
72.607143
74.758065
78.833333
82.846774
82.591667
79.16129
77.040323
76.55
74.467742
71.516667
68.669355
75.959677
74.776786
82.548387
81.408333
82.370968
81.316667
79.08871
79.895161
77.85
77.879032
67.983333
69.048387
70.379032
74.474138
79.314516
79.833333
78.766129
85.541667
84.596774
82.580645
75.141667
76.451613
67.308333
66.024194
75.306452
78.660714
83.290323
80.091667
83.201613
83.816667
83.290323
79.580645
85.175
75.290323
82.375
75.943548
79.040323
77.107143
77.524194
77.375
87.427419
85.2
82.677419
82.41129
83.4
71.330645
66.475
67.120968
76.846774
78.598214
75.637097
79.933333
83.983871
80.991667
85.25
83.846774
78.225
75.91129
62.975
60.822581
63.048387
73.37931
72.854839
81.558333
80.91129
82.566667
81.596774
75.637097
78.383333
79.741935
70.491667
77.870968
75.814516
81.035714
83.798387
83.441667
87.193548
89.666667
86.693548
83.080645
78.025
73.991935
72.708333
70.112903
78.362903
78.303571
81
82.108333
89.233871
90.25
83.822581
78.306452
81.658333
77.193548
69.541667
75.459677
79.008065
80.491071
79.895161
81.183333
86.620968
85.725
88.41129
73.201613
78.908333
81.564516
77.625
80.435484
74.508065
80.836207
83.774194
83.175
87.741935
84.55
82.459677
80.282258
75.816667
76.790323
68.758333
69.741935

